acc1 <- c(0.3978, 0.4054, 0.5998, 0.602, 0.605, 0.6052, 0.6528, 0.653, 0.6614, 0.6762, 0.6956, 0.7044, 0.713, 0.7162, 0.725, 0.73, 0.7326, 0.7362, 0.7398, 0.745, 0.7458, 0.7476, 0.751, 0.7538, 0.7668, 0.767, 0.7686, 0.7686, 0.769, 0.7744, 0.7748, 0.7754, 0.7758, 0.7778, 0.7788, 0.7794, 0.7806, 0.7828, 0.7834, 0.7848, 0.7858, 0.7882, 0.7888, 0.789, 0.7894, 0.7914, 0.7932, 0.7946, 0.7948, 0.7952, 0.7954, 0.7966, 0.7968, 0.7976, 0.799, 0.7992, 0.801, 0.8014, 0.8018, 0.8026, 0.8028, 0.8032, 0.804, 0.804, 0.8046, 0.805, 0.8056, 0.8058, 0.806, 0.8066, 0.8068, 0.8072, 0.8076, 0.808, 0.8084, 0.8098, 0.8108, 0.8108, 0.8108, 0.8118, 0.812, 0.8132, 0.8138, 0.8138, 0.8148, 0.816, 0.816, 0.8172, 0.8176, 0.8182, 0.8192, 0.8202, 0.8204, 0.8204, 0.8206, 0.8206, 0.8206, 0.8212, 0.8212, 0.822, 0.8224, 0.824, 0.8244, 0.8254, 0.8258, 0.8268, 0.8274, 0.8276, 0.8286, 0.8286, 0.829, 0.8302, 0.8314, 0.8314, 0.8326, 0.833, 0.8332, 0.8338, 0.834, 0.8352, 0.8358, 0.8364, 0.837, 0.8384, 0.8386, 0.8386, 0.8396, 0.8406, 0.8408, 0.8408, 0.8414, 0.842, 0.8428, 0.8436, 0.8442, 0.8444, 0.8444, 0.8446, 0.845, 0.8452, 0.847, 0.8472, 0.8472, 0.8474, 0.8474, 0.848, 0.85, 0.8504, 0.8506, 0.8514, 0.8516, 0.8518, 0.8534, 0.855, 0.8578, 0.858, 0.8582, 0.8584, 0.8584, 0.861, 0.8634, 0.8662, 0.8912, 0.8914, 0.8922, 0.8942, 0.8954, 0.896, 0.896, 0.896, 0.8962, 0.8964, 0.8966, 0.8968, 0.8972, 0.8974, 0.8978, 0.8978, 0.8978, 0.8982, 0.8982, 0.8984, 0.8984, 0.8986, 0.899, 0.8992, 0.8992, 0.8994, 0.8996, 0.8998, 0.8998, 0.8998, 0.8998, 0.8998, 0.9, 0.9, 0.9002, 0.9002, 0.9002, 0.9002, 0.9002, 0.9004, 0.9006, 0.9006, 0.9008, 0.901, 0.901, 0.9012, 0.9012, 0.9014, 0.9014, 0.9014, 0.9016, 0.9018, 0.9018, 0.9018, 0.902, 0.902, 0.902, 0.9022, 0.9024, 0.9026, 0.9026, 0.9026, 0.9026, 0.9026, 0.9028, 0.9028, 0.903, 0.903, 0.903, 0.903, 0.903, 0.9032, 0.9032, 0.9036, 0.9036, 0.9036, 0.9036, 0.9036, 0.9038, 0.9038, 0.9038, 0.9038, 0.9044, 0.9044, 0.9044, 0.9044, 0.9046, 0.9046, 0.905, 0.9052, 0.9052, 0.9052, 0.9054, 0.9054, 0.9056, 0.9056, 0.9056, 0.9058, 0.9058, 0.9058, 0.9058, 0.906, 0.906, 0.906, 0.906, 0.906, 0.9062, 0.9064, 0.9064, 0.9066, 0.9066, 0.9068, 0.9068, 0.9068, 0.9068, 0.907, 0.907, 0.9074, 0.9074, 0.9074, 0.908, 0.908, 0.9086, 0.9092, 0.9092, 0.9092, 0.9092, 0.9094, 0.9094, 0.9098, 0.9098, 0.91, 0.9106, 0.9114, 0.9114, 0.9126, 0.913, 0.9146)


acc2 <- c(0.192, 0.246, 0.394, 0.405, 0.427, 0.439, 0.476, 0.485, 0.488, 0.488, 0.49, 0.491, 0.491, 0.492, 0.492, 0.494, 0.496, 0.496, 0.497, 0.497, 0.497, 0.498, 0.498, 0.499, 0.499, 0.499, 0.5, 0.5, 0.5, 0.5, 0.5, 0.501, 0.504, 0.505, 0.505, 0.506, 0.506, 0.507, 0.507, 0.508, 0.508, 0.508, 0.508, 0.509, 0.509, 0.51, 0.51, 0.511, 0.511, 0.512, 0.512, 0.514, 0.515, 0.515, 0.515, 0.516, 0.522, 0.526, 0.53, 0.531, 0.531, 0.531, 0.534, 0.542, 0.548, 0.559, 0.564, 0.6, 0.625, 0.658, 0.681, 0.697, 0.722, 0.724, 0.726, 0.731, 0.735, 0.739, 0.739, 0.739, 0.739, 0.743, 0.747, 0.748, 0.753, 0.762, 0.764, 0.767, 0.776, 0.79, 0.79, 0.792, 0.795, 0.802, 0.803, 0.81, 0.813, 0.813, 0.817, 0.819, 0.82, 0.82, 0.823, 0.824, 0.824, 0.826, 0.828, 0.828, 0.834, 0.837, 0.838, 0.839, 0.841, 0.841, 0.842, 0.842, 0.843, 0.843, 0.844, 0.847, 0.848, 0.852, 0.853, 0.854, 0.854, 0.854, 0.856, 0.857, 0.857, 0.857, 0.859, 0.86, 0.862, 0.863, 0.863, 0.864, 0.865, 0.866, 0.871, 0.871, 0.874, 0.874, 0.875, 0.876, 0.879, 0.88, 0.881, 0.883, 0.883, 0.883, 0.884, 0.886, 0.886, 0.886, 0.887, 0.887, 0.888, 0.891, 0.891, 0.893, 0.893, 0.894, 0.896, 0.896, 0.896, 0.897, 0.898, 0.899, 0.901, 0.901, 0.901, 0.901, 0.902, 0.903, 0.904, 0.904, 0.904, 0.905, 0.905, 0.905, 0.907, 0.908, 0.908, 0.909, 0.91, 0.91, 0.91, 0.911, 0.911, 0.911, 0.911, 0.912, 0.912, 0.913, 0.913, 0.914, 0.917, 0.917, 0.92, 0.922)

acc3 <- c(0.838, 0.839, 0.8405, 0.8505, 0.8575, 0.8575, 0.865, 0.872, 0.872, 0.873, 0.8735, 0.8745, 0.882, 0.882, 0.8835, 0.885, 0.8865, 0.887, 0.887, 0.892, 0.892, 0.8935, 0.895, 0.8955, 0.896, 0.897, 0.8975, 0.898, 0.898, 0.8985, 0.8985, 0.899, 0.8995, 0.8995, 0.8995, 0.9, 0.9015, 0.902, 0.9025, 0.9035, 0.904, 0.9045, 0.9045, 0.905, 0.9055, 0.9055, 0.906, 0.906, 0.9075, 0.908, 0.9085, 0.9085, 0.9085, 0.9085, 0.9095, 0.9095, 0.9105, 0.9105, 0.9105, 0.911, 0.9115, 0.9115, 0.9115, 0.9115, 0.9125, 0.9125, 0.9125, 0.9125, 0.9125, 0.9125, 0.913, 0.9135, 0.9135, 0.9135, 0.914, 0.914, 0.914, 0.9145, 0.915, 0.915, 0.915, 0.9155, 0.9155, 0.9155, 0.9155, 0.916, 0.916, 0.916, 0.9165, 0.9165, 0.917, 0.917, 0.917, 0.917, 0.9175, 0.918, 0.918, 0.918, 0.918, 0.918, 0.918, 0.918, 0.9185, 0.9185, 0.9185, 0.9185, 0.9185, 0.919, 0.919, 0.919, 0.9195, 0.9195, 0.9195, 0.9195, 0.9195, 0.9195, 0.9195, 0.9195, 0.9195, 0.9195, 0.92, 0.92, 0.92, 0.92, 0.9205, 0.9205, 0.9205, 0.9205, 0.921, 0.921, 0.9215, 0.9215, 0.9215, 0.9215, 0.9215, 0.922, 0.922, 0.922, 0.922, 0.922, 0.922, 0.9225, 0.9225, 0.9225, 0.9225, 0.923, 0.923, 0.923, 0.923, 0.9235, 0.9235, 0.9235, 0.9235, 0.9235, 0.9235, 0.924, 0.924, 0.924, 0.924, 0.9245, 0.9245, 0.9245, 0.9245, 0.9245, 0.9245, 0.9245, 0.9245, 0.925, 0.925, 0.925, 0.925, 0.9255, 0.9255, 0.9255, 0.9255, 0.9255, 0.9255, 0.9255, 0.9255, 0.926, 0.926, 0.926, 0.926, 0.926, 0.9265, 0.9265, 0.927, 0.927, 0.927, 0.927, 0.927, 0.927, 0.927, 0.927, 0.927, 0.9275, 0.9275, 0.9275, 0.9275, 0.928, 0.928, 0.928, 0.928, 0.928, 0.928, 0.928, 0.928, 0.9285, 0.9285, 0.9285, 0.9285, 0.9285, 0.9285, 0.929, 0.929, 0.929, 0.929, 0.929, 0.929, 0.9295, 0.9295, 0.93, 0.93, 0.93, 0.93, 0.93, 0.9305, 0.9305, 0.9305, 0.931, 0.9315, 0.9315, 0.9315, 0.9315, 0.932, 0.9325, 0.9325, 0.933, 0.9335, 0.9335, 0.9335, 0.934, 0.9345, 0.9345, 0.936, 0.936, 0.937, 0.937, 0.94, 0.9405)


g_bar1 <- g %>%
         + geom_linerange(aes(ymax = 1, ymin = 0, x = acc1), alpha = 0.2, color = ABSERROR_COLOR) %>%
         + scale_x_continuous(limits=c(0,1), breaks = seq(0, 1, by = 0.1), expand=c(0,0))%>%
         + scale_y_continuous(limits=c(0,1), breaks = seq(0, 1, by = 1), expand=c(0,0))

g_bar2 <- g %>%
  + geom_linerange(aes(ymax = 1, ymin = 0, x = acc2), alpha = 0.2, color = ABSERROR_COLOR)%>%
  + scale_x_continuous(limits=c(0,1), breaks = seq(0, 1, by = 0.1), expand=c(0,0))%>%
  + scale_y_continuous(limits=c(0,1), breaks = seq(0, 1, by = 1), expand=c(0,0))

g_bar3 <- g %>%
  + geom_linerange(aes(ymax = 1, ymin = 0, x = acc3), alpha = 0.2, color = ABSERROR_COLOR)%>%
  + scale_x_continuous(limits=c(0,1), breaks = seq(0, 1, by = 0.1), expand=c(0,0))%>%
  + scale_y_continuous(limits=c(0,1), breaks = seq(0, 1, by = 1), expand=c(0,0))




ggsave(file = "pic/acc_bar.pdf",  plot_grid(g_bar1, g_bar2, g_bar3, ncol = 1,align="v"), width = 4, height = 2.6, units = "in")
